1.808134666958603587e+00 0.000000000000000000e+00
1.027743744699270110e+03 0.000000000000000000e+00
1.048718106835990056e+03 3.409736847658131136e-07
1.055714438030876863e+03 8.433781037513123253e-05
1.062845709583726375e+03 8.250002774895402659e-05
1.070115792540065740e+03 8.066054505679260474e-05
1.077529281807957886e+03 7.881364556672637047e-05
1.085090292029235798e+03 7.695930995113609322e-05
1.092803130557927261e+03 7.509675378244046488e-05
1.100672359242747689e+03 7.322483917568071564e-05
1.108703177081877811e+03 7.134232650155102452e-05
1.116900464817221518e+03 6.944810653440712663e-05
1.125269317836470236e+03 6.754109704382654311e-05
1.133815052745026151e+03 6.562025972223206865e-05
1.142543214514062583e+03 6.368462168683541608e-05
1.151459631216297339e+03 6.173328944636714290e-05
1.160570525158348346e+03 5.976545518927615198e-05
1.169882108977752523e+03 5.778051429126450849e-05
1.179400845513852801e+03 5.578851624981674852e-05
1.189133455248663495e+03 5.492140973904495091e-05
1.199086916968017249e+03 8.041231611783317883e-05
1.209268475227510862e+03 2.011415199991391299e-04
1.219685646319540638e+03 8.150600275696156909e-04
1.230346219330764825e+03 3.193299880897305107e-04
1.241258262303090760e+03 1.847077083100148265e-04
1.252430127901480319e+03 1.791690173089294279e-04
1.263870508517225971e+03 1.785183684105037241e-04
1.275588552892115786e+03 1.777634943388580141e-04
1.287593518483320395e+03 1.768609935689790548e-04
1.299894948740121890e+03 1.758070772801495301e-04
1.312502679150738686e+03 1.745917554716700133e-04
1.325426948505598602e+03 1.732114391604419991e-04
1.338678508067652956e+03 1.716620682578090431e-04
1.352268082815170146e+03 1.699395690945560127e-04
1.366206764938427341e+03 1.680402674409538742e-04
1.380506235521915414e+03 1.659609796883852566e-04
1.395178045891290594e+03 1.636991357840746097e-04
1.410234392328277409e+03 1.612528980620204946e-04
1.425687413634899258e+03 1.586213037239874325e-04
1.441549737220893803e+03 1.558044267459617570e-04
1.457833936614434833e+03 1.528035566415174057e-04
1.474552988862777056e+03 1.496209861954482425e-04
1.491719821192207291e+03 1.462597966703828853e-04
1.509347458338309480e+03 1.427317483029152912e-04
1.527448989769530272e+03 1.390409773932576069e-04
1.546037408321756175e+03 1.351995735916689445e-04
1.565125577720995125e+03 1.312229898903062651e-04
1.584726163961924613e+03 1.271299752954016451e-04
1.604851523345443638e+03 1.230234874341422748e-04
1.625513610627897606e+03 1.218444137649698990e-04
1.646723864285755553e+03 1.412144658081559566e-04
1.668493102928512144e+03 1.583070024432955123e-04
1.690831415170448508e+03 1.230147026021921500e-04
1.713747905544112427e+03 1.030780198329329353e-04
1.737250570353597595e+03 9.949791610142384572e-05
1.761346489013981682e+03 9.568633588194491594e-05
1.786041217793117994e+03 9.043289756966863197e-05
1.811338834841961216e+03 8.653254672020505522e-05
1.837241942185164817e+03 8.335581967950243180e-05
1.863751329912726533e+03 8.587794391273366511e-05
1.890865731216575796e+03 1.128602352515922953e-04
1.918582289842095179e+03 1.187918161292094690e-04
1.946895994004958084e+03 8.178536449619410907e-05
1.975799253215806857e+03 6.859225724444541401e-05
2.005282674181647280e+03 6.545018268062219443e-05
2.035334675376548148e+03 6.285878209933429750e-05
2.065941486100061866e+03 6.041451171753980975e-05
2.097087220233079279e+03 5.814294305872355373e-05
2.128753977259031217e+03 5.607371930574340342e-05
2.160921552694570892e+03 5.423765411568655202e-05
2.193568194588602182e+03 5.277624646568929249e-05
2.226670714303038949e+03 5.160368610925144487e-05
2.260204592983628572e+03 5.064422543253996350e-05
2.294143176681068326e+03 4.984844168796173945e-05
2.328459807754123176e+03 4.916145142803065725e-05
2.363126566241663568e+03 4.852366662333449824e-05
2.398115054926069206e+03 4.787210865785549802e-05
2.433396654505481365e+03 4.715238190595856359e-05
2.468942579370436306e+03 4.634797395146267394e-05
2.504724122493801588e+03 4.546777854857987703e-05
2.540713267343471216e+03 4.452431004758037898e-05
2.576881817216332365e+03 4.353063528546730342e-05
2.613202985975688989e+03 4.250023546089122561e-05
2.649650485127298907e+03 4.144460343688453170e-05
2.686198844819499300e+03 4.044781786887134288e-05
2.722824015029056682e+03 3.982045123776595176e-05
2.759502840445150014e+03 4.231097781868296359e-05
2.796213221520781644e+03 4.716786416057394096e-05
2.832934601954317259e+03 4.118786125432883114e-05
2.869647580681456020e+03 3.551593146205558643e-05
2.906333717382044142e+03 3.368213481249672411e-05
2.942976176188729823e+03 3.228762187992414100e-05
2.979559318617626559e+03 3.100820458926042820e-05
3.016068395359217902e+03 2.994347277884675326e-05
3.052490114124312186e+03 2.919861025003403206e-05
3.088812307774545843e+03 2.886914907363362967e-05
3.125023622387584510e+03 2.898144691831048436e-05
3.161113961362820646e+03 2.942068911709062705e-05
3.197074178647546887e+03 3.002999148526033470e-05
3.232895855677867530e+03 3.065095218517220751e-05
3.268571652794849797e+03 3.104762351961764725e-05
3.304094901708005636e+03 3.002156354685785671e-05
3.339459717267188353e+03 2.750228096484353223e-05
3.374660954296452019e+03 2.838031420201578408e-05
3.409694020363826894e+03 2.821007423109563820e-05
3.444555046882248462e+03 2.745422780020721700e-05
3.479240578975818607e+03 2.753463501705323099e-05
3.513747805081369279e+03 2.685622472751728054e-05
3.548074270531955335e+03 2.610955056544066042e-05
3.582218041592080226e+03 2.554419583895800410e-05
3.616177513987117436e+03 2.510122119459456114e-05
3.649951473029549561e+03 2.493987283897918005e-05
3.683539035585932652e+03 3.007013954918879230e-05
3.716939584680500957e+03 4.751396222504595656e-05
3.750152815773941711e+03 4.146873646972233440e-05
3.783178637873325897e+03 2.456980501824705494e-05
3.816017190832865708e+03 2.296930130065782071e-05
3.848668822225611166e+03 3.917417209479785918e-05
3.881134052778447767e+03 5.323081059778186702e-05
3.913413560781697015e+03 3.314583834762264102e-05
3.945508177822225662e+03 3.016062353187011759e-05
3.977418862006566997e+03 3.382575524145624280e-05
4.009146681534647996e+03 1.835171625131560677e-05
4.040692814826348240e+03 1.309085768185374103e-05
4.072058525656357688e+03 1.927717325857423756e-05
4.103245158547932988e+03 2.842266913243397737e-05
4.134254126125400035e+03 1.968712591760793062e-05
4.165086900764884376e+03 1.382634401114065719e-05
4.195745011024742780e+03 1.400399764894229200e-05
4.226230026214246209e+03 1.487018536956999316e-05
4.256543559098223341e+03 1.584096366810450646e-05
4.286687254779041723e+03 1.806456265614913187e-05
4.316662779036409120e+03 3.195135252139145164e-05
4.346471818580444051e+03 5.600461936967359892e-05
4.376116083321180668e+03 4.650777530520896320e-05
4.405597287127638083e+03 2.449102041116280761e-05
4.434917155216462561e+03 1.946783977797783766e-05
4.464077418433771527e+03 1.899099978015659140e-05
4.493079811275465545e+03 1.849467048781616656e-05
4.521926074039356536e+03 1.777885166720626295e-05
4.550617936541116251e+03 1.694177347984900334e-05
4.579157120252243658e+03 1.608017959235988597e-05
4.607545345263861236e+03 1.529528499024940196e-05
4.635784316774878789e+03 1.508479246467113613e-05
4.663875731506172997e+03 1.835591236754071910e-05
4.691821272008345659e+03 2.140968580391971053e-05
4.719622620770962385e+03 1.687944699013663161e-05
4.747281439301408682e+03 1.499600683349280015e-05
4.774799368678494830e+03 1.546028560672912819e-05
4.802178029780094221e+03 1.769494152293925730e-05
4.829419028614718627e+03 4.525812272202323712e-05
4.856523979581193089e+03 1.122155128747773787e-04
4.883494450967038574e+03 7.962120918669406491e-05
4.910331990225617119e+03 3.395768546982750615e-05
4.937038141581647324e+03 9.283303940422804644e-05
4.963614433095228378e+03 2.009175076052420201e-04
4.990062353372278267e+03 4.135741496719674685e-04
5.016383384830883188e+03 4.959643693928415071e-04
5.042579000883068147e+03 1.470340406785114375e-04
5.068650628727237745e+03 2.715252835393145789e-05
5.094599701114990239e+03 2.082203327144539106e-05
5.120427619725740442e+03 2.066177301297627582e-05
5.146135751222836916e+03 2.049437112376536308e-05
5.171725486284458384e+03 2.027617804521231879e-05
5.197198147971125763e+03 2.002239307046957092e-05
5.222555073710733268e+03 1.974807787411506251e-05
5.247797561144311658e+03 1.946788866563554688e-05
5.272926898186535254e+03 1.919608842328596673e-05
5.297944354016763100e+03 1.894655857933156659e-05
5.322851170358209856e+03 1.873281031563459186e-05
5.347648585534513586e+03 1.856759247970760226e-05
5.372337802157026999e+03 1.845946691534782009e-05
5.396920022210045317e+03 1.840747324084391403e-05
5.421396413888794996e+03 1.840734227014305640e-05
5.445768137107907933e+03 1.845459173739873513e-05
5.470036331948024781e+03 1.854484811054846920e-05
5.494202114173634072e+03 1.867384360675597335e-05
5.518266602454956228e+03 1.883741335063426143e-05
5.542230864843385461e+03 1.903148594610484264e-05
5.566095999050498904e+03 1.925206987177497623e-05
5.589863043101869152e+03 1.949530661831588358e-05
5.613533041441564819e+03 1.975695299054914739e-05
5.637107021269275720e+03 2.003277867163405255e-05
5.660585975807052819e+03 2.031861415301655329e-05
5.683970917006727177e+03 2.061038191007590165e-05
5.707262813618085602e+03 2.090410028143635830e-05
5.730462617102656623e+03 2.119588102545129989e-05
5.753571298165015833e+03 2.148192698108719657e-05
5.776589778364346785e+03 2.175852938025386380e-05
5.799518968735389535e+03 2.202328350618801061e-05
5.822359791924002820e+03 2.245623648486635719e-05
5.845113134929064472e+03 2.711697709929396764e-05
5.867779866747945562e+03 4.342317265690600540e-05
5.890360857777553065e+03 4.111428471949051054e-05
5.912856969875273535e+03 2.617643905768517884e-05
5.935269033640694943e+03 2.321701635535090960e-05
5.957597869445469769e+03 2.317684028058406581e-05
5.979844302236003386e+03 2.319652475679465431e-05
6.002009137487721091e+03 2.316977941619316792e-05
6.024093161482976029e+03 2.309323623505415979e-05
6.046097146506105673e+03 2.297128134166491129e-05
6.068021862598307052e+03 2.282847649533992874e-05
6.089868078051184966e+03 2.269746587943724132e-05
6.111636533211516507e+03 2.261111441794108867e-05
6.133327958811958524e+03 2.260158870727775349e-05
6.154943075179106927e+03 2.270037392065220246e-05
6.176482595200081050e+03 2.293829045037362467e-05
6.197947232350801642e+03 2.334551015260775367e-05
6.219337679196451063e+03 2.395155739661507845e-05
6.240654615265839311e+03 2.478809981965660657e-05
6.261898712618731224e+03 2.604579698975441384e-05
6.283070632791541357e+03 2.894392304148441647e-05
6.304171028501818910e+03 3.205981972282503830e-05
6.325200545927513303e+03 3.175596784840294031e-05
6.346159827670850973e+03 3.290630408848800527e-05
6.367049501448054798e+03 3.527240549710369924e-05
6.387870182807778292e+03 3.655344982287387566e-05
6.408622480816193274e+03 3.821557048057862868e-05
6.429306997410783879e+03 4.035717895034719596e-05
6.449924323895886118e+03 4.245878023500229752e-05
6.470475044840044575e+03 4.445053172167592220e-05
6.490959736845918087e+03 4.636865620272419850e-05
6.511378969541661718e+03 5.349331192519414746e-05
6.531733302969911165e+03 1.556988431050311148e-04
6.552023291588824577e+03 5.853790356383369205e-04
6.572249482626184545e+03 7.635171299622155920e-04
6.592412412321097690e+03 3.602094063453646980e-04
6.612512613178464562e+03 1.025997655146196011e-04
6.632550613913191228e+03 5.533643664868242827e-05
6.652526929352842672e+03 5.304370004930839845e-05
6.672442072271310280e+03 5.248018357981431978e-05
6.692296545610305657e+03 5.026398406220689393e-05
6.712090845297393571e+03 4.366617086927787904e-05
6.731825464019536412e+03 4.034952444575878243e-05
6.751500886627859472e+03 4.414851467454146807e-05
6.771117590111135542e+03 4.488619567220198959e-05
6.790676047900752565e+03 4.302521531643918004e-05
6.810176726230585700e+03 4.089233212316223853e-05
6.829620084903910538e+03 3.880600551246936769e-05
6.849006580577656678e+03 3.684738031079917107e-05
6.868336658756221368e+03 3.509177691691458439e-05
6.887610763393788147e+03 3.361318797495534231e-05
6.906829332238317875e+03 3.248431523170144226e-05
6.925992795421096162e+03 3.177507868087815106e-05
6.945101580476196432e+03 3.153406983509977977e-05
6.964156106699291740e+03 3.173501422608196226e-05
6.983156789490268238e+03 3.230727697242163579e-05
7.002104039831285263e+03 3.317863468558045198e-05
7.020998261869730413e+03 3.451807743282422848e-05
7.039839855502545106e+03 4.138053723957463195e-05
7.058629218105479595e+03 6.362786877730566284e-05
7.077366745958829597e+03 6.309974884246878776e-05
7.096052823684872237e+03 4.413400515988518861e-05
7.114687832554630404e+03 3.967171710611616041e-05
7.133272147924551973e+03 3.790515811269076356e-05
7.151806142261149034e+03 3.985707268793117601e-05
7.170290182479417126e+03 4.240820783719618164e-05
7.188724629650836505e+03 4.285744755607975490e-05
7.207109846836974612e+03 4.273186545858594922e-05
7.225446193117983057e+03 4.238384805895481820e-05
7.243734018076362190e+03 4.186488395863667322e-05
7.261973667024634778e+03 4.121780309847720091e-05
7.280165483521973329e+03 4.059244646769764474e-05
7.298309801708365740e+03 4.191896999011993758e-05
7.316406957060919012e+03 4.880092492053056657e-05
7.334457290790626757e+03 4.893190645153498312e-05
7.352461125279705811e+03 4.042166221315089008e-05
7.370418784072447124e+03 3.707125580796797969e-05
7.388330583329151523e+03 3.644579274969471350e-05
7.406196839472221654e+03 3.616461771581440030e-05
7.424017872291039566e+03 3.603033214122357438e-05
7.441793989079599669e+03 3.602117351282102694e-05
7.459525495453776784e+03 3.611769308022668053e-05
7.477212689127202793e+03 3.630073138885529018e-05
7.494855870503438382e+03 3.655141208404603432e-05
7.512455342643629592e+03 3.685113703609651045e-05
7.530011394634760109e+03 3.718158137084814582e-05
7.547524313751164300e+03 3.752468883293866856e-05
7.564994382625084654e+03 3.786266723431249033e-05
7.582421893298905161e+03 3.817794527736676169e-05
7.599807124305948491e+03 3.845317183009509408e-05
7.617150349016988912e+03 3.867381751368663634e-05
7.634451839142819153e+03 3.883597634725467524e-05
7.651711872321068768e+03 3.894737629760923426e-05
7.668930716803434734e+03 3.901800399422533162e-05
7.686108632561756167e+03 3.905771774364948974e-05
7.703245881357439430e+03 3.908044624343804687e-05
7.720342732833538321e+03 3.930917771467828611e-05
7.737399438520912554e+03 4.126055419457840641e-05
7.754416250375922573e+03 4.332283440739097648e-05
7.771393424358925586e+03 4.087304417991116700e-05
7.788331209513921749e+03 3.932596341052567299e-05
7.805229850312247436e+03 3.926855510433614521e-05
7.822089586427441645e+03 3.939579644452200527e-05
7.838910670835999554e+03 3.957662218634632346e-05
7.855693336153068230e+03 3.981160532445400242e-05
7.872437815091406264e+03 4.009648532881242728e-05
7.889144351603544237e+03 4.042503829989054181e-05
7.905813172099772601e+03 4.079094289843979452e-05
7.922444503790736235e+03 4.118795968279117902e-05
7.939038577879208788e+03 4.160993226187865730e-05
7.955595621692153145e+03 4.205078586331732467e-05
7.972115848969640865e+03 4.250452603035946721e-05
7.988599490483240515e+03 4.296523762499411683e-05
8.005046760619468841e+03 4.342708331427490190e-05
8.021457870174078380e+03 4.388430248905241709e-05
8.037833043593290313e+03 4.433120007676204238e-05
8.054172487534377979e+03 4.476212748736138223e-05
8.070476407818631742e+03 4.517221294351504192e-05
8.086745021691165675e+03 4.555997325603732830e-05
8.102978529776985852e+03 4.592583790626310965e-05
8.119177134339969598e+03 4.627120878356527704e-05
8.135341042908071358e+03 4.659740572511582491e-05
8.151470449742859273e+03 4.690569880126664078e-05
8.167565556499323066e+03 4.719734222106580529e-05
8.183626560690860970e+03 4.747357448859960657e-05
8.199653649483552726e+03 4.773561861504619492e-05
8.215647025503558325e+03 4.798468249030831372e-05
8.231606873865364832e+03 4.822195891564372581e-05
8.247533384366724931e+03 4.844862593010391868e-05
8.263426745138984188e+03 4.866583507891908959e-05
8.279287137305826036e+03 4.887467754926118980e-05
8.295114751350867664e+03 4.907628257222678927e-05
8.310909765736003465e+03 4.927109382208882048e-05
8.326672360707414555e+03 4.945857737974177518e-05
8.342402718843333787e+03 4.963836940879797936e-05
8.358101008153400471e+03 4.981005853283872452e-05
8.373767415860327674e+03 4.997322046371704957e-05
8.389402106331555842e+03 5.012810940717056393e-05
8.405005258461762423e+03 5.039167630594881050e-05
8.420577040136711730e+03 5.432104773449020614e-05
8.436117620348273704e+03 7.390125256669119003e-05
8.451627168893728594e+03 8.174056528463076378e-05
8.467105846575401301e+03 5.970386292028162446e-05
8.482553826697801924e+03 5.141987789030452239e-05
8.497971263580244340e+03 5.092863929961014843e-05
8.513358327820216800e+03 5.099024258181889484e-05
8.528715173466447595e+03 5.104545519424205760e-05
8.544041963556017436e+03 5.108838620547908536e-05
8.559338851817714385e+03 5.111710967152231669e-05
8.574605997237467818e+03 5.113127727820126296e-05
8.589843554904540724e+03 5.113034893661243312e-05
8.605051676683435289e+03 5.111369212649735351e-05
8.620230516783511121e+03 5.108068183947410830e-05
8.635380223202808338e+03 5.103070045093089740e-05
8.650500949229872276e+03 5.096313765857314571e-05
8.665592837937894728e+03 5.087739033287944995e-05
8.680656043986758959e+03 5.077286248455412766e-05
8.695690705917104424e+03 5.064896510002490102e-05
8.710696974583410338e+03 5.050500500173274356e-05
8.725674985912077318e+03 5.034007290308699861e-05
8.740624891610870691e+03 5.015513854791873305e-05
8.755546824184957586e+03 4.994932077251071177e-05
8.770440930929649767e+03 4.973080874811841513e-05
8.785307342969939782e+03 4.950341133275142606e-05
8.800146204532304182e+03 4.927419400610786671e-05
8.814957645140666500e+03 4.904976132362777469e-05
8.829741807729509674e+03 4.883645194775244750e-05
8.844498819018635913e+03 4.864053458159888572e-05
8.859228818853318444e+03 4.856230507359038634e-05
8.873931933622478027e+03 4.866557773916340389e-05
8.888608298965622453e+03 4.880256896059218631e-05
8.903258039519538215e+03 4.897929940451115939e-05
8.917881288624106674e+03 4.920172399043821695e-05
8.932478171739881873e+03 4.947573241354381824e-05
8.947048816750422702e+03 4.980714649703989438e-05
8.961593347448942950e+03 5.020154858682034825e-05
8.976111889314595828e+03 5.065525675122057382e-05
8.990604567160751685e+03 5.095818215683273113e-05
9.005071501203679873e+03 5.000458778846352263e-05
9.019512818463801523e+03 4.939197599521703375e-05
9.033928630691809303e+03 5.185045760621828539e-05
9.048319068036440513e+03 5.428311931247479177e-05
9.062684240732914986e+03 5.818859272683182848e-05
9.077024274647510538e+03 5.927325683767587606e-05
9.091339279247384184e+03 5.647048359740837459e-05
9.105629376664533993e+03 5.584844637820710712e-05
9.119894677892003529e+03 5.619292494825964669e-05
9.134135299035166099e+03 5.652911477528679569e-05
9.148351353499889228e+03 5.677220899950095829e-05
9.162542951244628057e+03 5.690831851979012441e-05
9.176710210139901392e+03 5.692411099469966366e-05
9.190853235503580436e+03 5.683052508085570430e-05
9.204972139668807358e+03 5.743124484527479178e-05
9.219067031608039542e+03 6.277436884643420917e-05
9.233138017687007959e+03 6.729965518069446796e-05
9.247185209580482478e+03 5.992225447585035146e-05
9.261208708121854215e+03 5.490757269990181253e-05
9.275208624999977474e+03 5.372675879281919344e-05
9.289185062515905884e+03 5.296939264205013329e-05
9.303138124490997143e+03 5.220091223384331621e-05
9.317067917967167887e+03 5.143186369497417882e-05
9.330974538924174340e+03 5.067988777128257412e-05
9.344858097981006722e+03 4.996249017054605284e-05
9.358718690787449304e+03 4.929700250372882469e-05
9.372556418893665978e+03 4.870058448536476839e-05
9.404452730532197165e+03 5.608541197607033285e-05
9.468251422614304829e+03 5.700057358756540065e-05
9.532482917457829899e+03 5.793066815124257434e-05
9.597150151145378913e+03 5.887593933232791846e-05
9.662256079677599701e+03 5.983663477200205932e-05
9.727803679108292272e+03 6.081300615227739292e-05
9.793795945680460136e+03 6.180530926193308786e-05
9.860235895963252915e+03 6.281380406352659945e-05
9.927126566989883941e+03 6.383875476149845256e-05
9.994471016396420964e+03 6.488042987138798617e-05
1.006227232256158459e+04 6.593910229017889749e-05
1.013053358474744709e+04 6.701504936779263102e-05
1.019925792324111171e+04 6.810855297974824710e-05
1.026844847949733230e+04 6.921989960100748606e-05
1.033810841628212256e+04 7.034938038102591252e-05
1.040824091781732750e+04 7.149729122002701249e-05
1.047884918992617713e+04 7.266393284652286557e-05
1.054993646017982064e+04 7.384961089609775003e-05
1.062150597804486461e+04 7.505463599147888562e-05
1.069356101503192622e+04 7.627932382391282675e-05
1.076610486484514513e+04 7.752399523586980020e-05
1.083914084353277030e+04 7.878897630509796928e-05
1.091267228963872731e+04 8.007459843004878009e-05
1.098670256435522606e+04 8.138119841669648339e-05
1.106123505167640178e+04 8.270911856677399035e-05
1.113627315855301458e+04 8.405870676744899613e-05
1.121182031504816405e+04 8.543031658246317997e-05
1.128787997449409886e+04 8.682430734475788715e-05
1.136445561365006142e+04 8.824104425061272028e-05
1.144155073286121296e+04 8.968089845531834433e-05
1.151916885621865003e+04 9.114424717041226401e-05
1.159731353172047784e+04 9.263147376249952856e-05
1.167598833143399679e+04 9.414296785368701391e-05
1.175519685165899864e+04 9.567912542365667979e-05
1.183494271309213946e+04 9.724034891340311779e-05
1.191522956099245312e+04 9.882704733066540923e-05
1.199606106534798710e+04 1.004396363570777146e-04
1.207744092104352967e+04 1.022437249563706000e-04
1.215937284802955946e+04 1.040850283039548461e-04
1.224186059149223365e+04 1.059594916133780104e-04
1.232490792202461489e+04 1.078677120611295717e-04
1.240851863579903511e+04 1.098102975782276375e-04
1.249269655474059255e+04 1.117878670438970121e-04
1.257744552670187477e+04 1.138010504827345327e-04
1.266276942563885677e+04 1.158504892654262797e-04
1.274867215178795595e+04 1.179368363130786618e-04
1.283515763184433854e+04 1.200607563052289600e-04
1.292222981914141201e+04 1.222229258916035771e-04
1.300989269383151441e+04 1.244240339076875708e-04
1.309815026306787331e+04 1.266647815941779613e-04
1.318700656118776715e+04 1.289458828203892131e-04
1.327646564989694707e+04 1.312680643116805783e-04
1.336653161845527939e+04 1.336320658809812638e-04
1.345720858386369764e+04 1.360386406644825935e-04
1.354850069105237890e+04 1.384885553615771803e-04
1.364041211307020967e+04 1.409825904791179663e-04
1.373294705127554153e+04 1.435215405800758983e-04
1.382610973552826545e+04 1.461062145366761439e-04
1.391990442438311402e+04 1.487374357880934055e-04
1.401433540528436242e+04 1.514160426027858842e-04
1.410940699476179907e+04 1.541428883455584528e-04
1.420512353862804048e+04 1.569188417494282479e-04
1.430148941217716674e+04 1.597447871923936475e-04
1.439850902038475579e+04 1.626216249791819326e-04
1.449618679810920003e+04 1.655502716280743208e-04
1.459452721029445274e+04 1.685316601628946494e-04
1.469353475217412415e+04 1.715667404102575767e-04
1.479321394947693807e+04 1.746564793021681346e-04
1.489356935863363833e+04 1.778018611840741941e-04
1.499460556698525397e+04 1.810038881284626200e-04
1.509632719299278506e+04 1.842635802541057446e-04
1.519873888644834005e+04 1.875819760510556581e-04
1.530184532868764109e+04 1.909601327114928380e-04
1.540565123280405896e+04 1.943991264665308172e-04
1.551016134386401245e+04 1.979000529290888047e-04
1.561538043912389730e+04 2.014640274429372398e-04
1.572131332824845776e+04 2.050921854380295499e-04
1.582796485353062053e+04 2.087856827922346587e-04
1.593533989011285666e+04 2.125456961995807247e-04
1.604344334621003145e+04 2.175375774012091082e-04
1.615228016333375308e+04 2.244412917034356320e-04
1.626185531651825295e+04 2.315641004340187074e-04
1.637217381454781389e+04 2.389129567150654926e-04
1.648324070018572093e+04 2.464950343311050744e-04
1.659506105040474722e+04 2.543177347319685688e-04
1.670763997661926987e+04 2.623886942579221025e-04
1.682098262491888454e+04 2.707157915940759186e-04
1.693509417630364260e+04 2.793071554613846112e-04
1.704997984692089813e+04 2.881711725517125452e-04
1.716564488830372647e+04 2.973164957147337445e-04
1.728209458761097267e+04 3.067520524046388219e-04
1.739933426786894779e+04 3.164870533949159376e-04
1.751736928821474430e+04 3.265310017696940051e-04
1.763620504414119932e+04 3.368937022004347363e-04
1.775584696774352415e+04 3.475852705170280220e-04
1.787630052796765449e+04 3.586161435826328947e-04
1.799757123086016145e+04 3.699970894818999188e-04
1.811966461982001420e+04 3.817392180325324298e-04
1.824258627585193608e+04 3.938539916304356408e-04
1.836634181782152882e+04 4.063532364390393852e-04
1.849093690271208834e+04 4.192491539337272121e-04
1.861637722588324687e+04 4.325543328126422245e-04
1.874266852133125576e+04 4.462817612854764766e-04
1.886981656195112737e+04 4.604448397522686561e-04
1.899782715980051580e+04 4.750573938845670816e-04
1.912670616636538398e+04 4.901336881217268271e-04
1.925645947282746420e+04 5.056884395955302388e-04
1.938709301033358133e+04 5.217368324967128082e-04
1.951861275026676230e+04 5.382945328974259817e-04
1.965102470451916815e+04 5.553777040440847695e-04
1.978433492576694334e+04 5.730030221355681070e-04
1.991854950774685494e+04 5.911876926021341358e-04
2.005367458553488905e+04 6.099494669009740844e-04
2.018971633582660434e+04 6.293066598447637303e-04
2.032668097721958475e+04 6.492781674801747886e-04
2.046457477049759109e+04 6.698834855337513572e-04
2.060340401891684814e+04 6.911427284431975303e-04
2.074317506849409619e+04 7.130766489926238438e-04
2.088389430829671619e+04 7.357066585709467251e-04
2.102556817073473576e+04 7.590548480731776565e-04
2.116820313185492705e+04 7.831440094650638731e-04
2.131180571163675631e+04 8.079976580320679313e-04
2.145638247429048715e+04 8.336400553344573607e-04
2.160194002855719737e+04 8.600962328908851517e-04
2.174848502801089126e+04 8.873920166135709558e-04
2.189602417136259828e+04 9.155540520189664553e-04
2.204456420276664721e+04 9.357248326397827254e-04
2.219411191212889389e+04 9.429875315231287360e-04
2.234467413541709539e+04 9.503066003917858126e-04
2.249625775497342693e+04 9.576824767656456905e-04
2.264886969982905066e+04 9.651156015604482694e-04
2.280251694602084171e+04 9.726064191141284851e-04
2.295720651691029707e+04 9.801553772133891288e-04
2.311294548350457262e+04 9.877629271204621010e-04
2.326974096477965941e+04 9.954295236000816269e-04
2.342760012800587720e+04 1.003155624946676806e-03
2.358653018907544902e+04 1.010941693011759750e-03
2.374653841283235306e+04 1.018788193231543685e-03
2.390763211340438647e+04 1.026695594654754903e-03
2.406981865453756109e+04 1.034664369970678035e-03
2.423310544993262738e+04 1.042694995537411882e-03
2.439749996358402859e+04 1.050787951410342945e-03
2.456300971012105947e+04 1.058943721370847295e-03
2.472964225515138241e+04 1.067162792955205376e-03
2.489740521560679190e+04 1.075445657483743841e-03
2.506630626009150365e+04 1.083792810090212231e-03
2.523635310923259749e+04 1.092204749751379302e-03
2.540755353603298863e+04 1.100681979316856397e-03
2.557991536622672720e+04 1.109225005539161936e-03
2.575344647863670980e+04 1.117834339104012940e-03
2.592815480553480666e+04 1.126510494660848362e-03
2.610404833300451719e+04 1.135253990853601989e-03
2.628113510130599389e+04 1.144065350351700658e-03
2.645942320524349634e+04 1.152945099881308357e-03
2.663892079453553379e+04 1.161893770256813407e-03
2.681963607418732499e+04 1.170911896412560023e-03
2.700157730486588116e+04 1.180000017434829464e-03
2.718475280327756263e+04 1.189158676594057528e-03
2.736917094254832773e+04 1.198388421377315086e-03
2.755484015260637534e+04 1.207689803521036888e-03
2.774176892056758152e+04 1.217063379043998661e-03
2.792996579112339168e+04 1.226509708280563082e-03
2.811943936693145224e+04 1.236029355914167313e-03
2.831019830900874513e+04 1.245622891011078336e-03
2.850225133712766910e+04 1.255290887054421071e-03
2.869560723021442391e+04 1.265033921978443504e-03
2.889027482675046122e+04 1.274852578203081481e-03
2.908626302517644217e+04 1.284747442668767456e-03
2.928358078429897796e+04 1.294719106871511805e-03
2.948223712370016074e+04 1.304768166898266461e-03
2.968224112414986303e+04 1.314895223462561559e-03
2.988360192802085294e+04 1.325100881940405101e-03
3.008632873970658693e+04 1.335385752406481000e-03
3.029043082604212032e+04 1.345750449670609066e-03
3.049591751672759347e+04 1.356195593314509862e-03
3.070279820475472661e+04 1.366721807728825443e-03
3.091108234683614501e+04 1.377329722150455156e-03
3.112077946383776361e+04 1.388019970700172037e-03
3.133189914121384209e+04 1.398793192420523263e-03
3.154445102944527025e+04 1.409650031314029633e-03
3.175844484448067305e+04 1.420591136381693827e-03
3.197389036818049499e+04 1.431617161661782531e-03
3.219079744876412951e+04 1.442728766268927976e-03
3.240917600126019533e+04 1.453926614433536085e-03
3.262903600795961393e+04 1.465211375541481493e-03
3.285038751887203398e+04 1.476583724174136518e-03
3.307324065218517353e+04 1.488044340148679187e-03
3.329760559472731256e+04 1.499593908558743667e-03
3.352349260243301251e+04 1.511233119815367327e-03
3.375091200081181887e+04 1.522962669688264796e-03
3.397987418542031810e+04 1.534783259347428366e-03
3.421038962233736675e+04 1.546695595405023086e-03
3.444246884864242020e+04 1.558700389957642669e-03
3.467612247289724473e+04 1.570798360628871586e-03
3.491136117563085281e+04 1.582990230612184778e-03
3.514819570982763980e+04 1.581924460296867639e-03
3.538663690141903498e+04 1.572273555870398439e-03
3.562669564977825212e+04 1.562681529069622323e-03
3.586838292821858340e+04 1.553148020697655467e-03
3.611170978449498944e+04 1.543672673748978973e-03
3.635668734130910161e+04 1.534255133396066756e-03
3.660332679681757145e+04 1.524895046976107969e-03
3.685163942514409428e+04 1.515592063977791231e-03
3.710163657689462707e+04 1.506345836028185345e-03
3.735332967967632430e+04 1.497156016879684420e-03
3.760673023861987895e+04 1.488022262397053607e-03
3.786184983690539229e+04 1.478944230544537069e-03
3.811870013629194727e+04 1.469921581373042491e-03
3.837729287765053596e+04 1.460953977007425127e-03
3.863763988150085061e+04 1.452041081633822367e-03
3.889975304855163995e+04 1.443182561487086962e-03
3.916364436024459428e+04 1.434378084838280974e-03
3.942932587930210866e+04 1.425627321982261440e-03
3.969680975027866225e+04 1.416929945225324375e-03
3.996610820011590113e+04 1.408285628872946995e-03
4.023723353870167921e+04 1.399694049217574399e-03
4.051019815943258436e+04 1.391154884526510545e-03
4.078501453978058998e+04 1.382667815029866697e-03
4.106169524186333001e+04 1.374232522908583375e-03
4.134025291301841935e+04 1.365848692282532100e-03
4.162070028638139047e+04 1.357516009198687186e-03
4.190305018146800285e+04 1.349234161619365397e-03
4.218731550475994300e+04 1.341002839410547574e-03
4.247350925029504288e+04 1.332821734330254465e-03
4.276164450026112172e+04 1.324690540017013423e-03
4.305173442559399700e+04 1.316608951978383854e-03
4.334379228657958447e+04 1.308576667579549680e-03
4.363783143345995632e+04 1.300593386031991591e-03
4.393386530704364850e+04 1.292658808382223488e-03
4.423190743932007899e+04 1.284772637500595496e-03
4.453197145407809148e+04 1.276934578070163537e-03
4.483407106752864638e+04 1.269144336575638281e-03
4.513822008893192105e+04 1.261401621292389382e-03
4.544443242122838274e+04 1.253706142275521273e-03
4.575272206167450349e+04 1.246057611349013798e-03
4.606310310248236783e+04 1.238455742094936567e-03
4.637558973146404605e+04 1.230900249842717528e-03
4.669019623268002033e+04 1.223390851658483301e-03
4.700693698709215823e+04 1.215927266334467394e-03
4.732582647322100820e+04 1.208509214378478266e-03
4.764687926780776615e+04 1.201136418003431782e-03
4.797011004648042581e+04 1.193808601116950682e-03
4.829553358442477474e+04 1.186863419634939668e-03
4.862316475705966877e+04 1.179976801144860636e-03
4.895301854071705748e+04 1.173130141350487614e-03
4.928511001332658634e+04 1.166323208396754206e-03
4.961945435510468815e+04 1.159555771773907850e-03
4.995606684924865112e+04 1.152827602309698576e-03
5.029496288263516908e+04 1.146138472161613514e-03
5.063615794652365730e+04 1.139488154809170824e-03
5.097966763726440695e+04 1.132876425046239850e-03
5.132550765701153432e+04 1.126303058973420921e-03
5.167369381444062310e+04 1.119767833990461354e-03
5.202424202547152527e+04 1.113270528788717212e-03
5.237716831399572402e+04 1.106810923343657348e-03
5.273248881260895723e+04 1.100388798907415804e-03
5.309021976334853389e+04 1.094003938001379553e-03
5.345037751843587466e+04 1.087656124408829155e-03
5.381297854102381825e+04 1.081345143167613664e-03
5.417803940594942833e+04 1.075070780562869567e-03
5.454557680049133342e+04 1.068832824119790885e-03
5.491560752513282205e+04 1.062631062596420747e-03
5.528814849432959454e+04 1.056465285976513875e-03
5.566321673728304449e+04 1.050335285462410768e-03
5.604082939871866256e+04 1.044240853467975861e-03
5.642100373966966436e+04 1.038181783611563441e-03
5.680375713826608262e+04 1.032157870709031044e-03
5.718910709052915627e+04 1.026168910766790589e-03
5.757707121117105999e+04 1.020214700974897458e-03
5.796766723440006172e+04 1.014295039700186408e-03
5.836091301473123167e+04 1.008409726479442617e-03
5.875682652780247736e+04 1.002558562012612195e-03
5.915542587119638483e+04 9.967413481560532390e-04
5.955672926526733499e+04 9.909578879158280947e-04
5.996075505397445522e+04 9.852079854410261857e-04
6.036752170572013711e+04 9.794914460171399734e-04
6.077704781419421488e+04 9.738080760594658523e-04
6.118935209922386275e+04 9.681576831065497133e-04
6.160445340762943670e+04 9.625400758136706727e-04
6.202237071408576594e+04 9.569550639463578678e-04
6.244312312198970176e+04 9.514024583739538743e-04
6.286672986433326878e+04 9.458820710632049027e-04
6.329321030458282621e+04 9.403937150718975077e-04
6.372258393756422447e+04 9.349372045425224020e-04
6.415487039035380440e+04 9.295123546959863006e-04
6.459008942317571928e+04 9.241189818253536890e-04
6.502826093030515767e+04 9.187569032896203587e-04
6.546940494097770716e+04 9.134259375075358400e-04
6.591354162030490988e+04 9.081259039514499041e-04
6.636069127019603911e+04 9.028566231411978794e-04
6.681087433028609667e+04 8.976179166380296622e-04
6.726411137887010409e+04 8.924096070385588919e-04
6.772042313384386944e+04 8.872315179687601579e-04
6.817983045365093858e+04 8.820834740779955876e-04
6.864235433823603671e+04 8.769653010330737434e-04
6.910801593000505818e+04 8.718768255123523223e-04
6.957683651479141554e+04 8.668178751998636229e-04
7.004883752282915520e+04 8.617882787794780685e-04
7.052404052973240323e+04 8.567878659291086043e-04
7.100246725748181052e+04 8.518164673149380799e-04
7.148413957541725540e+04 8.468739145856882646e-04
7.196907950123772025e+04 8.419600403669131499e-04
7.245730920200762921e+04 8.370746782553383294e-04
7.294885099517006893e+04 8.322176628132218470e-04
7.344372734956702334e+04 8.273888295627516900e-04
7.394196088646652061e+04 8.225880149804776524e-04
7.444357438059653214e+04 8.178150564917717122e-04
7.494859076118608937e+04 8.130697924653233202e-04
7.545703311301344365e+04 8.056957817392960616e-04
7.596892467746118200e+04 7.877492997498699136e-04
7.648428885357860418e+04 7.702025669252003572e-04
7.700314919915155042e+04 7.530466790469090340e-04
7.752552943177898123e+04 7.362729302337561819e-04
7.805145342995728424e+04 7.198728085237780750e-04
7.858094523417174059e+04 7.038379915548223162e-04
7.911402904799532553e+04 6.881603423413148535e-04
7.965072923919535242e+04 6.728319051450755732e-04
8.019107034084699990e+04 6.578449014381315902e-04
8.073507705245506077e+04 6.431917259554348603e-04
8.128277424108276318e+04 6.288649428355240923e-04
8.183418694248859538e+04 6.148572818471360283e-04
8.238934036227065371e+04 6.011616346998763282e-04
8.294825987701877602e+04 5.877710514370659313e-04
8.351097103547456209e+04 5.746787369089339549e-04
8.407749955969932489e+04 5.618780473243644010e-04
8.464787134624973987e+04 5.493624868794637914e-04
8.522211246736167232e+04 5.371257044612112123e-04
8.580024917214202287e+04 5.251614904245413724e-04
8.638230788776831469e+04 5.134637734412181081e-04
8.696831522069704079e+04 5.020266174188890533e-04
8.755829795787973853e+04 4.908442184887736688e-04
8.815228306798747508e+04 4.799109020604491824e-04
8.875029770264351100e+04 4.692211199422361280e-04
8.935236919766457868e+04 4.587694475257284282e-04
8.995852507431025151e+04 4.485505810330368760e-04
9.056879304054118984e+04 4.385593348253451164e-04
9.118320099228537583e+04 4.287906387714245007e-04
9.180177701471369073e+04 4.192395356747533226e-04
9.242454938352333556e+04 4.099011787579534853e-04
9.305154656623057963e+04 4.007708292032572187e-04
9.368279722347183269e+04 3.918438537477615690e-04
9.431833021031400131e+04 3.831157223322405781e-04
9.495817457757318334e+04 3.745820058023387926e-04
9.560235957314289408e+04 3.662383736609589038e-04
9.625091464333086333e+04 3.580805918707232632e-04
9.690386943420504394e+04 3.501045207053788333e-04
9.756125379294886079e+04 3.464414472690188177e-04
9.822309776922555466e+04 3.443094569922526874e-04
9.888943161655135918e+04 3.421905869197120788e-04
9.956028579367921338e+04 3.400847563100532051e-04
1.002356909659903904e+05 3.379918849188129197e-04
1.009156780068965454e+05 3.359118929953488803e-04
1.016002779992508586e+05 3.338447012798037832e-04
1.022895222367690585e+05 3.317902310000806019e-04
1.029834422254593665e+05 3.297484038688463398e-04
1.036820696850633249e+05 3.277191420805433729e-04
1.043854365505054302e+05 3.257023683084281688e-04
1.050935749733528355e+05 3.236980057016242618e-04
1.058065173232850939e+05 3.217059778821914923e-04
1.065242961895740300e+05 3.197262089422191525e-04
1.072469443825728376e+05 3.177586234409303530e-04
1.079744949352165568e+05 3.158031464018089957e-04
1.087069811045316892e+05 3.138597033097422504e-04
1.094444363731564226e+05 3.119282201081801081e-04
1.101868944508712448e+05 3.100086231963150997e-04
1.109343892761397001e+05 3.081008394262781699e-04
1.116869550176600314e+05 3.062047961003470735e-04
1.124446260759265424e+05 3.043204209681823645e-04
1.132074370848027320e+05 3.024476422240684266e-04
1.139754229131039756e+05 3.005863885041817180e-04
1.147486186661916145e+05 2.987365888838681765e-04
1.155270596875775664e+05 2.968981728749429602e-04
1.163107815605400683e+05 2.950710704230027643e-04
1.170998201097497367e+05 2.932552119047572743e-04
1.178942114029078512e+05 2.914505281253759066e-04
1.186939917523946060e+05 2.896569503158508661e-04
1.194991977169290767e+05 2.878744101303761958e-04
1.203098661032403616e+05 2.851693316379792244e-04
1.211260339677500742e+05 2.811208387130128238e-04
1.219477386182659538e+05 2.771298214459987151e-04
1.227750176156878151e+05 2.731954638663219837e-04
1.236079087757240050e+05 2.693169615875436618e-04
1.244464501706201845e+05 2.654935216429402155e-04
1.252906801308995491e+05 2.617243623233811130e-04
1.261406372471152572e+05 2.580087130175057696e-04
1.269963603716137295e+05 2.543458140541734135e-04
1.278578886203115544e+05 2.507349165471432642e-04
1.287252613744828413e+05 2.471752822419662123e-04
1.295985182825596858e+05 2.436661833650453912e-04
1.304776992619443481e+05 2.402069024748436864e-04
1.313628445008341223e+05 2.367967323151999636e-04
1.322539944600582821e+05 2.334349756707291331e-04
1.331511898749273096e+05 2.301209452242774015e-04
1.340544717570954526e+05 2.268539634163960087e-04
1.349638813964351430e+05 2.236333623068149392e-04
1.358794603629243211e+05 2.204584834378807737e-04
1.368012505085467710e+05 2.173286776999343143e-04
1.377292939692053769e+05 2.142433051985970010e-04
1.386636331666473998e+05 2.112017351239477440e-04
1.396043108104048297e+05 2.082033456215473717e-04
1.405513698997457686e+05 2.052475236653030237e-04
1.415048537256402778e+05 2.023336649321323471e-04
1.424648058727393218e+05 1.994611736784091991e-04
1.434312702213669254e+05 1.966294626181620169e-04
1.444042909495258355e+05 1.938379528030039292e-04
1.453839125349173555e+05 1.910860735037633309e-04
1.463701797569742193e+05 1.883732620937987113e-04
1.473631376989074633e+05 1.856989639339684083e-04
1.483628317497672979e+05 1.830626322592334701e-04
1.493693076065178611e+05 1.804637280668710164e-04
1.503826112761262921e+05 1.779017200062731389e-04
1.514027890776649292e+05 1.753760842703132848e-04
1.524298876444298658e+05 1.728863044882505019e-04
1.534639539260715828e+05 1.704318716201580974e-04
1.545050351907416189e+05 1.680122838528491473e-04
1.555531790272529179e+05 1.656270464972800440e-04
1.566084333472554572e+05 1.632756718874093680e-04
1.576708463874257577e+05 1.609576792804960936e-04
1.587404667116726341e+05 1.586725947588081770e-04
1.598173432133566239e+05 1.564199511327307973e-04
1.609015251175249286e+05 1.541992878452483069e-04
1.619930619831616641e+05 1.520101508777823034e-04
1.630920037054534769e+05 1.498520926573665489e-04
1.641984005180694221e+05 1.477246719651412828e-04
1.653123029954583035e+05 1.456274538461431011e-04
1.664337620551599248e+05 1.435600095203789118e-04
1.675628289601325523e+05 1.415219162951609512e-04
1.686995553210963844e+05 1.395127574786864664e-04
1.698439930988925043e+05 1.373735884728558541e-04
1.709961946068583929e+05 1.352668299086628577e-04
1.721562125132185465e+05 1.331923805510444472e-04
1.733240998434928770e+05 1.311497449066638323e-04
1.744999099829200131e+05 1.291384350810609099e-04
1.756836966788977734e+05 1.271579706621145714e-04
1.768755140434398199e+05 1.252078786052945663e-04
1.780754165556495427e+05 1.232876931206716166e-04
1.792834590642096300e+05 1.213969555616622689e-04
1.804996967898901203e+05 1.195352143154767422e-04
1.817241853280721989e+05 1.177020246952499333e-04
1.829569806512893992e+05 1.158969488338259786e-04
1.841981391117862950e+05 1.141195555791706372e-04
1.854477174440946837e+05 1.123694203913880362e-04
1.867057727676260984e+05 1.106461252413185205e-04
1.879723625892838172e+05 1.089492585106882687e-04
1.892475448060911149e+05 1.072784148937932022e-04
1.905313777078377607e+05 1.056331953006895438e-04
1.918239199797445326e+05 1.040132067618682960e-04
1.931252307051457465e+05 1.024180623343934598e-04
1.944353693681902660e+05 1.008473810094772830e-04
1.957543958565598878e+05 9.930078762147604311e-05
1.970823704642077500e+05 9.777791275827805398e-05
1.984193538941139122e+05 9.627839267306829844e-05
1.997654072610603180e+05 9.480186919744573780e-05
2.011205920944241807e+05 9.334798965587245577e-05
2.024849703409911308e+05 9.191640678143536442e-05
2.038586043677855632e+05 9.050677863290040122e-05
2.052415569649233075e+05 8.911876851303639452e-05
2.066338913484803634e+05 8.775204488819466557e-05
2.080356711633833183e+05 8.640628130911953881e-05
2.094469604863183049e+05 8.508115633297470360e-05
2.108678238286603591e+05 8.377635344656428535e-05
2.122983261394213187e+05 8.249156099073308153e-05
2.137385328082200722e+05 8.122647208592385806e-05
2.151885096682708245e+05 7.998078455887790996e-05
2.166483229993923742e+05 7.875420087045985817e-05
2.181180395310379681e+05 7.754642804458819721e-05
2.195977264453456446e+05 7.635717759825684829e-05
2.210874513802091533e+05 7.518616547262896126e-05
2.225872824323692184e+05 7.403311196518874888e-05
2.240972881605272996e+05 7.289774166293221710e-05
2.256175375884787645e+05 7.177978337658349637e-05
2.271481002082682971e+05 7.067897007582018578e-05
2.286890459833663481e+05 6.959503882549125707e-05
2.302404453518673836e+05 6.852773072281385784e-05
2.318023692297090020e+05 6.747679083553342818e-05
2.333748890139146824e+05 6.644196814103062415e-05
2.349580765858565865e+05 6.542301546636432774e-05
2.365520043145418458e+05 6.441968942923228495e-05
2.381567450599200674e+05 6.343175037983869247e-05
2.397723721762144414e+05 6.245896234365165697e-05
2.413989595152738912e+05 6.150109296504048431e-05
2.430365814299501071e+05 6.055791345177542458e-05
2.446853127774954191e+05 5.962919852037958644e-05
2.463452289229851740e+05 5.871472634231914305e-05
2.480164057427621156e+05 5.781427849101799919e-05
2.496989196279052994e+05 5.686873897965948619e-05
2.513928474877219705e+05 5.542337849012032272e-05
2.530982667532622872e+05 5.401475289188031144e-05
2.548152553808602388e+05 5.264192854087692527e-05
2.565438918556959834e+05 5.130399552229299891e-05
2.582842551953839720e+05 5.000006704746040017e-05
2.600364249535846466e+05 4.872927886609158935e-05
2.618004812236414000e+05 4.749078869345084745e-05
2.635765046422405867e+05 4.628377565208369697e-05
2.653645763930990361e+05 4.510743972773452421e-05
2.671647782106740051e+05 4.396100123909418297e-05
2.689771923838995863e+05 4.284370032102234735e-05
2.708019017599484068e+05 4.175479642090601751e-05
2.726389897480185609e+05 4.069356780781664576e-05
2.744885403231455130e+05 3.965931109414431549e-05
2.763506380300422898e+05 3.865134076938799484e-05
2.782253679869628977e+05 3.766898874579623535e-05
2.801128158895934466e+05 3.671160391555528777e-05
2.820130680149693508e+05 3.577855171923135163e-05
2.839262112254195381e+05 3.486921372518158983e-05
2.858523329725365620e+05 3.398298721965455662e-05
2.877915213011735468e+05 3.311928480730873790e-05
2.897438648534703534e+05 3.227753402188354026e-05
2.917094528729041922e+05 3.145717694676598305e-05
2.936883752083695144e+05 3.065766984520086049e-05
2.956807223182850285e+05 2.987848279989937817e-05
2.976865852747288300e+05 2.911909936180705143e-05
2.997060557676005410e+05 2.837901620779923628e-05
3.017392261088137166e+05 2.765774280707537691e-05
3.037861892365150270e+05 2.695480109603312364e-05
3.058470387193322531e+05 2.626972516140548773e-05
3.079218687606519088e+05 2.560206093145091111e-05
3.100107742029251531e+05 2.495136587499241786e-05
3.121138505320023978e+05 2.431720870810601858e-05
3.142311938814994064e+05 2.369916910826294718e-05
3.163629010371909826e+05 2.309683743573834257e-05
3.185090694414349273e+05 2.250981446209967903e-05
3.206697971976263798e+05 2.193771110559642807e-05
3.228451830746826599e+05 2.138014817327453504e-05
3.250353265115576214e+05 2.083675610964539596e-05
3.272403276217863895e+05 2.030717475174310257e-05
3.294602871980634518e+05 1.979105309040591598e-05
3.316953067168485723e+05 1.928804903762622980e-05
3.339454883430058253e+05 1.879782919981260315e-05
3.362109349344735965e+05 1.832006865681499896e-05
3.384917500469667139e+05 1.785445074656602358e-05
3.407880379387085559e+05 1.740066685519582539e-05
3.430999035751990159e+05 1.695841621248113257e-05
3.454274526340112789e+05 1.652740569249328429e-05
3.477707915096224169e+05 1.610734961931297913e-05
3.501300273182771634e+05 1.569796957768289020e-05
3.525052679028845159e+05 1.529899422847241336e-05
3.548966218379458878e+05 1.491015912883308566e-05
3.573041984345201636e+05 1.453120655692428019e-05
3.597281077452193713e+05 1.416188534109390966e-05
3.621684605692392797e+05 1.380195069340075323e-05
3.646253684574242216e+05 1.345116404736768576e-05
3.670989437173663755e+05 1.310929289985857184e-05
3.695892994185395073e+05 1.277611065697416673e-05
3.720965493974662386e+05 1.245139648386452668e-05
3.746208082629239070e+05 1.213493515835845620e-05
3.771621914011815679e+05 1.182651692831328845e-05
3.797208149812752381e+05 1.146156922381411507e-05
3.822967959603178897e+05 1.109214829971945204e-05
3.848902520888460567e+05 1.073463428090915810e-05
3.875013019162006094e+05 1.038864339271278057e-05
3.901300647959485068e+05 1.005380423000442880e-05
3.927766608913366217e+05 9.729757358516854534e-06
3.954412111807851470e+05 9.416154929005545558e-06
3.981238374634173815e+05 9.112660303848623365e-06
4.008246623646279331e+05 8.818947695681960913e-06
4.035438093416862539e+05 8.534701817681919887e-06
4.062814026893826667e+05 8.259617545119160689e-06
4.090375675457080361e+05 7.993399587821775986e-06
4.118124298975745915e+05 7.735762173194855285e-06
4.146061165865748189e+05 7.486428739456944816e-06
4.174187553147798753e+05 7.245131638763862874e-06
4.202504746505753719e+05 7.011611849901212583e-06
4.231014040345411631e+05 6.785618700237048476e-06
4.259716737853657105e+05 6.566909596636545520e-06
4.288614151058045099e+05 6.355249765049505419e-06
4.317707600886765867e+05 6.150411998491421540e-06
4.346998417229031911e+05 5.952176413147234063e-06
4.376487938995870645e+05 5.760330212336363182e-06
4.406177514181309962e+05 5.574667458085357706e-06
4.436068499924022472e+05 5.394988850063048912e-06
4.466162262569344603e+05 5.221101511640861689e-06
4.496460177731735166e+05 5.052818782848804815e-06
4.526963630357662332e+05 4.889960020004666312e-06
4.557674014788908535e+05 4.732350401801329345e-06
4.588592734826291562e+05 4.579820741644429792e-06
4.619721203793864115e+05 4.432207306038168710e-06
4.651060844603494043e+05 4.289351638825181268e-06
4.682613089819916058e+05 4.151100391091201086e-06
4.714379381726213032e+05 4.017305156552075875e-06
4.746361172389751300e+05 3.887822312246561031e-06
4.778559923728536232e+05 3.762512864363823150e-06
4.810977107578063151e+05 3.641242299039880205e-06
4.843614205758582102e+05 3.523880437963390628e-06
4.876472710142837605e+05 3.410301298635177336e-06
4.909554122724257177e+05 3.300382959131936714e-06
4.942859955685617751e+05 3.194007427228718148e-06
4.976391731468168437e+05 3.091060513739710221e-06
5.010150982841204968e+05 2.991431709941567329e-06
5.044139252972161048e+05 2.895014068947297105e-06
5.078358095497135655e+05 2.801704090903843461e-06
5.112809074591902900e+05 2.711401611889801349e-06
5.147493765043425374e+05 2.624009696394059856e-06
5.182413752321837819e+05 2.539434533260090785e-06
5.217570632652899367e+05 2.457585334984023520e-06
5.252966013090994675e+05 2.378374240258443420e-06
5.288601511592563475e+05 2.301716219657421223e-06
5.324478757090076106e+05 2.227528984361331929e-06
5.360599389566483442e+05 2.155732897823662218e-06
5.396965060130194761e+05 2.086250890284870504e-06
5.433577431090524187e+05 2.019008376041617650e-06
5.470438176033713389e+05 1.953933173382419702e-06
5.507548979899407132e+05 1.890955427103974109e-06
5.544911539057682967e+05 1.830007533524870488e-06
5.582527561386590824e+05 1.771024067916139846e-06
5.620398766350223450e+05 1.713941714270868356e-06
5.658526885077317711e+05 1.658699197337423458e-06
5.696913660440368112e+05 1.605237216843313208e-06
5.735560847135324730e+05 1.553498383839073794e-06
5.774470211761783576e+05 1.503427159093951228e-06
5.813643532903739251e+05 1.454969793477072304e-06
5.853082601210892899e+05 1.408074270260291491e-06
5.892789219480503816e+05 1.362690249280616918e-06
5.932765202739778906e+05 1.318769012902434843e-06
5.973012378328868654e+05 1.276263413721340577e-06
6.013532585984379984e+05 1.231610883801479914e-06
6.054327677923474694e+05 1.182059191604861107e-06
6.095399518928533653e+05 1.134501124368723555e-06
6.136749986432407750e+05 1.088856472108154392e-06
6.178380970604213653e+05 1.045048251945577990e-06
6.220294374435762875e+05 1.003002578273719547e-06
6.262492113828540314e+05 9.626485381424480698e-07
6.304976117681271862e+05 9.239180716591317851e-07
6.347748327978107845e+05 8.867458572009076676e-07
6.390810699877388543e+05 8.510692012452351729e-07
6.434165201801020885e+05 8.168279326328888885e-07
6.477813815524433739e+05 7.839643010851587054e-07
6.521758536267207237e+05 7.524228798039457294e-07
6.566001372784246923e+05 7.221504719906413012e-07
6.610544347457609838e+05 6.930960211260355889e-07
6.655389496388960397e+05 6.652105248599288722e-07
6.700538869492635131e+05 6.384469523652836573e-07
6.745994530589329079e+05 6.127601650174572485e-07
6.791758557500471361e+05 5.881068402647757911e-07
6.837833042143179337e+05 5.644453985620373673e-07
6.884220090625887970e+05 5.417359332437243566e-07
6.930921823344621807e+05 5.199401432186433690e-07
6.977940375079929363e+05 4.990212683724585699e-07
7.025277895094432170e+05 4.789440275692304092e-07
7.072936547231120057e+05 4.596745591472989833e-07
7.120918510012226179e+05 4.411803638092549904e-07
7.169225976738823811e+05 4.234302498096187381e-07
7.217861155591076240e+05 4.063942803477850471e-07
7.266826269729185151e+05 3.900437230775329188e-07
7.316123557395007228e+05 3.743510016479297981e-07
7.365755272014352959e+05 3.592896491938975748e-07
7.415723682300018845e+05 3.448342636980049155e-07
7.466031072355480865e+05 3.309604651481979826e-07
7.516679741779298056e+05 3.176448544192184792e-07
7.567672005770234391e+05 3.048649738083563957e-07
7.619010195233095437e+05 2.925992691589644283e-07
7.670696656885246048e+05 2.808270535078904423e-07
7.722733753363922006e+05 2.695284721954591207e-07
7.775123863334209891e+05 2.586844693792184466e-07
7.827869381597772008e+05 2.482767558949399446e-07
7.880972719202323351e+05 2.382877784106647717e-07
7.934436303551850142e+05 2.287006898217923591e-07
7.988262578517530346e+05 2.194993208372757846e-07
8.042454004549508682e+05 2.106681527089743454e-07
8.097013058789308416e+05 2.021922910582193389e-07
8.151942235183102312e+05 1.940574407554014622e-07
8.207244044595686719e+05 1.862498818102450444e-07
8.262921014925275231e+05 1.787564462320924465e-07
8.318975691219047876e+05 1.715644958211670583e-07
8.375410635789455846e+05 1.646619008533809598e-07
8.432228428331401665e+05 1.580370196227014497e-07
8.489431666040127166e+05 1.513601584442298876e-07
8.547022963729932671e+05 1.447610995046679178e-07
8.605004953953709919e+05 1.384497488982322621e-07
8.663380287123287562e+05 1.324135630053392325e-07
8.722151631630548509e+05 1.266405450880013427e-07
8.781321673969455296e+05 1.211192214466682615e-07
8.840893118858817033e+05 1.158386186165984014e-07
8.900868689365934115e+05 1.107882415584235566e-07
8.961251127031075303e+05 1.059580527995776137e-07
9.022043191992796492e+05 1.013384524851168412e-07
9.083247663114089519e+05 9.692025929830348095e-08
9.144867338109437842e+05 9.269469221300743005e-08
9.206905033672690624e+05 8.865335304168492971e-08
9.269363585605807602e+05 8.478820974423367545e-08
9.332245848948491039e+05 8.109158046455236872e-08
9.395554698108697776e+05 7.755611826308386837e-08
9.459293026994040702e+05 7.417479651499396923e-08
9.523463749144020258e+05 7.094089494496585012e-08
9.588069797863280401e+05 6.784798627085398049e-08
9.653114126355642220e+05 6.488992342965441117e-08
9.718599707859121263e+05 6.206082736040161030e-08
9.784529535781799350e+05 5.935507531971404032e-08
9.850906623838711530e+05 5.676728970675640734e-08
9.917734006189573556e+05 5.429232737542328197e-08
9.985014737577469787e+05 5.192526941248901105e-08
1.005275189346851315e+06 4.966141136141582209e-08
1.012094857019240153e+06 4.749625387238896639e-08
1.018960788508398691e+06 4.542549375999223180e-08
1.025873297662571189e+06 4.344501545075906267e-08
1.032832700459115091e+06 4.155088280359103092e-08
1.039839315018938738e+06 3.973933128679750664e-08
1.046893461621045950e+06 3.800676049620214469e-08
1.053995462717174785e+06 3.634972699944685464e-08
1.061145642946538748e+06 3.476493749227445622e-08
1.068344329150662292e+06 3.324924225318524831e-08
1.075591850388327148e+06 3.179962888345950062e-08
1.082888537950609578e+06 3.041321632010671943e-08
1.090234725376025308e+06 2.908724910983850870e-08
1.097630748465775978e+06 2.781909193268893737e-08
1.105076945299099432e+06 2.660622436439438661e-08
1.112573656248720363e+06 2.544623586712707064e-08
1.120121223996413872e+06 2.433682099862296331e-08
1.127719993548667990e+06 2.327577483018453899e-08
1.135370312252452131e+06 2.226098856445154223e-08
1.143072529811098007e+06 2.129044534422983247e-08
1.150826998300281819e+06 2.036221624404772501e-08
1.158634072184121702e+06 1.947445643647520685e-08
1.166494108331374358e+06 1.862540152558474626e-08
1.174407466031755321e+06 1.781336404026696593e-08
1.182374507012357470e+06 1.703673008043328807e-08
1.190395595454188064e+06 1.629395610943732785e-08
1.198471098008814501e+06 1.558050334465831777e-08
1.206601383815126494e+06 1.489551062269760706e-08
1.214786824516204884e+06 1.424063342516905682e-08
1.223027794276315719e+06 1.361454773098039671e-08
1.231324669798010727e+06 1.301598772927773512e-08
1.239677830339347245e+06 1.244374326024779884e-08
1.248087657731223153e+06 1.189665736843430697e-08
1.256554536394834286e+06 1.137362396362253298e-08
1.265078853359240107e+06 1.087358558456280688e-08
1.273660998279062798e+06 1.039553126101009280e-08
1.282301363452294609e+06 9.938494469759911171e-09
1.291000343838230008e+06 9.501551180545519840e-09
1.299758337075521238e+06 9.083817987847261327e-09
1.308575743500354234e+06 8.684450324836355790e-09
1.317452966164748417e+06 8.302640755841798068e-09
1.326390410854977090e+06 7.937617343889283585e-09
1.335388486110123573e+06 7.588642090009814883e-09
1.344447603240749799e+06 7.255009441164556297e-09
1.353568176347700646e+06 6.936044863768108893e-09
1.362750622341031441e+06 6.631103479926205746e-09
1.371995360959067708e+06 6.339568763631263038e-09
1.381302814787585288e+06 6.060851294279110744e-09
1.390673409279136453e+06 5.794387564986940984e-09
1.400107572772491956e+06 5.539638843303592600e-09
1.409605736512220930e+06 5.296090082008003275e-09
1.419168334668405587e+06 5.063248877794486513e-09
1.428795804356487468e+06 4.840644475738777055e-09
1.438488585657243384e+06 4.627826817532840386e-09
1.448247121636909898e+06 4.424365631563472964e-09
1.458071858367430978e+06 4.229849562995459570e-09
1.467963244946849998e+06 4.043885342100549587e-09
1.477921733519838424e+06 3.866096989150351663e-09
1.487947779298362788e+06 3.696125054266117223e-09
1.498041840582495555e+06 3.533625890688277570e-09
1.508204378781358479e+06 3.378270959996457076e-09
1.518435858434221940e+06 3.229746167875305158e-09
1.528736747231734451e+06 3.087751229083223021e-09
1.539107516037301859e+06 2.951999060340091681e-09
1.549548638908612542e+06 2.822215199906557046e-09
1.560060593119306257e+06 2.698137252681207421e-09
1.570643859180787811e+06 2.579514359694189572e-09
1.581298920864196960e+06 2.466106690924036241e-09
1.592026265222518705e+06 2.357684960412966446e-09
1.602826382612849120e+06 2.254029962699914778e-09
1.613699766718805768e+06 2.154932129634089934e-09
1.624646914573101792e+06 2.060191106673191120e-09
1.635668326580255060e+06 1.969615347809608196e-09
1.646764506539473543e+06 1.883021728305391507e-09
1.657935961667677388e+06 1.800235174453459117e-09
1.669183202622685814e+06 1.721088309616078406e-09
1.680506743526562117e+06 1.645421115825275403e-09
1.691907101989111630e+06 1.573080610260857133e-09
1.703384799131539883e+06 1.503920535951993811e-09
1.714940359610281419e+06 1.437801066077015861e-09
1.726574311640976928e+06 1.374588521263587383e-09
1.738287187022617785e+06 1.314155099317761933e-09
1.750079521161857760e+06 1.256378616835336650e-09
1.761951853097486310e+06 1.201142262173264225e-09
1.773904725525068585e+06 1.148334359281594970e-09
1.785938684821747709e+06 1.097848141918481520e-09
1.798054281071229372e+06 1.049581537791730351e-09
1.810252068088920554e+06 1.003436962190583646e-09
1.822532603447245900e+06 9.593211206903489926e-10
1.834896448501135455e+06 9.171448205311357370e-10
1.847344168413686799e+06 8.768227902892099470e-10
1.859876332181990379e+06 8.382735074765188268e-10
1.872493512663151836e+06 8.014190337196983802e-10
1.885196286600469146e+06 7.661848571854134034e-10
1.897985234649798833e+06 7.323416767171338861e-10
1.910860941406097496e+06 6.997658776593295061e-10
1.923823995430147042e+06 6.686391053577330980e-10
1.936874989275449421e+06 6.388969046462246769e-10
1.950014519515326247e+06 6.104776874336976815e-10
1.963243186770178145e+06 5.833226051717407184e-10
1.976561595734944334e+06 5.573754269951132968e-10
1.989970355206743348e+06 5.325824232827691016e-10
2.003470078112700488e+06 5.088922543982809078e-10
2.017061381537967362e+06 4.862558643792568048e-10
2.030744886753923493e+06 4.646263793556755523e-10
2.044521219246584224e+06 4.439590104866883812e-10
2.058391008745186962e+06 4.242109612150047207e-10
2.072354889250978362e+06 4.053413386467458989e-10
2.086413499066191260e+06 3.873110688732588644e-10
2.100567480823231395e+06 3.700828160595726690e-10
2.114817481514036190e+06 3.536209051319504182e-10
2.129164152519668452e+06 3.378912479043885766e-10
2.143608149640080985e+06 3.228612724911832804e-10
2.158150133124093525e+06 3.084998558593095431e-10
2.172790767699578777e+06 2.947772593810033094e-10
2.187530722603842616e+06 2.816650672530709427e-10
2.202370671614214312e+06 2.691361276554085524e-10
2.217311293078853749e+06 2.571644965268902990e-10
2.232353269947752357e+06 2.457253838422011443e-10
2.247497289803952910e+06 2.347951022783705578e-10
2.262744044894980267e+06 2.243510181647047259e-10
2.278094232164484914e+06 2.143715046145414746e-10
2.293548553284102585e+06 2.048358967417961053e-10
2.309107714685517829e+06 1.957244488695430966e-10
2.324772427592772990e+06 1.870182936420338691e-10
2.340543408054765780e+06 1.786994029554814611e-10
2.356421376977986190e+06 1.707505506267120721e-10
2.372407060159468558e+06 1.631552767223788666e-10
2.388501188319968991e+06 1.558978534748654621e-10
2.404704497137359809e+06 1.489632527143220916e-10
2.421017727280273102e+06 1.423371147493609834e-10
2.437441624441945925e+06 1.360057186320071926e-10
2.453976939374309499e+06 1.299559537453096032e-10
2.470624427922308445e+06 1.241752926547792165e-10
2.487384851058450993e+06 1.186517651674456574e-10
2.504258974917585496e+06 1.133739335448143621e-10
2.521247570831934921e+06 1.083308688183812196e-10
2.538351415366348345e+06 1.035121281586877896e-10
2.555571290353797376e+06 9.890773325102835283e-11
2.572907982931115199e+06 9.450814963304836954e-11
2.590362285574978217e+06 9.030426695144014441e-11
2.607934996138134506e+06 8.628738009685060340e-11
2.625626917885859963e+06 8.244917117794857661e-11
2.643438859532698523e+06 7.878169229730475742e-11
2.661371635279411916e+06 7.527734909343941934e-11
2.679426064850204624e+06 7.192888501494452998e-11
2.697602973530192394e+06 6.872936629411690153e-11
2.715903192203131039e+06 6.567216758899300676e-11
2.734327557389383670e+06 6.275095826405136758e-11
2.752876911284177564e+06 5.995968928116627738e-11
2.771552101796089206e+06 5.729258067368210843e-11
2.790353982585807331e+06 5.474410957765576799e-11
2.809283413105151616e+06 5.230899879549423924e-11
2.828341258636366110e+06 4.998220586829701236e-11
2.847528390331656672e+06 4.775891263428311844e-11
2.866845685253032017e+06 4.563451525167375049e-11
2.886294026412382256e+06 4.360461466537519680e-11
2.905874302811845206e+06 4.166500749772127268e-11
2.925587409484444186e+06 3.981167734440826869e-11
2.945434247535000555e+06 3.804078645760346871e-11
2.965415724181326106e+06 3.634866779900288789e-11
2.985532752795682754e+06 3.473181744638167276e-11
3.005786252946550027e+06 3.318560841072089595e-11
3.026177150440646801e+06 3.170516885431076860e-11
3.046706377365257125e+06 3.029077302544223377e-11
3.067374872130833566e+06 2.893947465459125421e-11
3.088183579513896722e+06 2.764845890794154627e-11
3.109133450700210407e+06 2.641503652392169344e-11
3.130225443328277674e+06 2.523663821131463157e-11
3.151460521533107851e+06 2.411080929727324428e-11
3.172839655990283471e+06 2.303520461409336076e-11
3.194363823960338719e+06 2.200758361409121346e-11
3.216034009333428927e+06 2.102580570241110506e-11
3.237851202674293891e+06 2.008782577804161867e-11
3.259816401267556008e+06 1.919168997374871582e-11
3.281930609163298737e+06 1.833553158605681786e-11
3.304194837222957052e+06 1.751756718679522075e-11
3.326610103165533394e+06 1.673609290811277912e-11
3.349177431614114903e+06 1.598948089322137964e-11
3.371897854142713826e+06 1.527617590547412670e-11
3.394772409323405009e+06 1.459469208871706811e-11
3.417802142773827538e+06 1.394360987216253758e-11
3.440988107204960659e+06 1.332157301334052564e-11
3.464331362469249871e+06 1.272728577296605695e-11
3.487832975609056186e+06 1.215951021583782026e-11
3.511494020905429963e+06 1.161706363214685004e-11
3.535315579927208833e+06 1.109881607382251316e-11
3.559298741580473725e+06 1.060368800078405785e-11
3.583444602158314548e+06 1.013064803219572162e-11
3.607754265390939545e+06 9.678710798039547739e-12
3.632228842496135272e+06 9.246934886531956804e-12
3.656869452230061404e+06 8.834420883107803366e-12
3.681677220938371494e+06 8.440309496887018577e-12
3.706653282607731875e+06 8.063779770721173283e-12
3.731798778917630203e+06 7.704047371091609748e-12
3.757114859292577952e+06 7.360362954296706124e-12
3.782602680954641663e+06 7.032010605525051509e-12
3.808263408976346720e+06 6.718306347562660818e-12
3.834098216333938297e+06 6.418596716028489410e-12
3.860108283960977569e+06 6.132257398169733726e-12
3.886294800802354235e+06 5.858691932381670778e-12
3.912658963868613355e+06 5.597330465743116087e-12
3.939201978290678933e+06 5.347628566979391713e-12
3.965925057374937925e+06 5.109066092380086039e-12
3.992829422658710741e+06 4.881146102308986860e-12
4.019916303966068197e+06 4.663393826049949248e-12
4.047186939464073628e+06 4.455355672831315842e-12
4.074642575719366316e+06 4.256598286969874646e-12
4.102284467755145393e+06 4.066707645165578859e-12
4.130113879108537920e+06 3.885288194066599204e-12
4.158132081888361834e+06 3.711962026308515946e-12
4.186340356833257247e+06 3.546368093311219332e-12
4.214739993370255455e+06 3.388161453193297638e-12
4.243332289673705585e+06 3.237012552238057524e-12
4.272118552724615671e+06 3.092606538413653810e-12
4.301100098370399326e+06 2.954642605517939210e-12
4.330278251385021023e+06 2.822833366581390246e-12
4.359654345529561862e+06 2.696904255223214589e-12
4.389229723613163456e+06 2.576592953713570124e-12
4.419005737554443069e+06 2.461648846550150217e-12
4.448983748443262652e+06 2.351832498411502138e-12
4.479165126602964476e+06 2.246915155399208907e-12
4.509551251652994193e+06 2.146678268530019139e-12
4.540143512571982108e+06 2.050913038485550085e-12
4.570943307761209086e+06 1.959419980671046611e-12
4.601952045108556747e+06 1.872008509677233000e-12
4.633171142052847892e+06 1.788496542279726575e-12
4.664602025648645125e+06 1.708710118149002156e-12
4.696246132631474175e+06 1.632483037480840816e-12
4.728104909483514726e+06 1.559656514792319473e-12
4.760179812499689870e+06 1.490171878691414423e-12
4.792472307854275219e+06 1.424213858643121008e-12
4.824983871667888947e+06 1.361175273910237971e-12
4.857715990074980073e+06 1.300926904383460912e-12
4.890670159291754477e+06 1.243345249496749891e-12
4.923847885684574023e+06 1.188312275068806758e-12
4.957250685838813893e+06 1.135715171349832471e-12
4.990880086628172547e+06 1.085446121777623179e-12
5.024737625284490176e+06 1.037402081968994024e-12
5.058824849468002096e+06 9.914845684934743930e-13
5.093143317338088527e+06 9.475994569963370467e-13
5.127694597624496557e+06 9.056567892570947586e-13
5.162480269699053839e+06 8.655705887879499529e-13
5.197501923647847027e+06 8.272586845943055520e-13
5.232761160343930125e+06 7.906425427358830372e-13
5.268259591520487331e+06 7.556471053433814344e-13
5.303998839844509959e+06 7.222006367605485525e-13
5.339980538990966976e+06 6.902345764962973233e-13
5.376206333717492409e+06 6.596833986854816846e-13
5.412677879939544946e+06 6.304844777702431324e-13
5.449396844806130975e+06 6.025779601265026505e-13
5.486364906775997020e+06 5.759066413725930504e-13
5.523583755694350228e+06 5.504158491084444185e-13
5.561055092870109715e+06 5.260533308449314812e-13
5.598780631153678522e+06 5.027691468937360646e-13
5.636762095015214756e+06 4.805155679981245522e-13
5.675001220623495989e+06 4.592469774947462914e-13
5.713499755925255828e+06 4.389197778059989731e-13
5.752259460725095123e+06 4.194923010712054340e-13
5.791282106765914708e+06 4.009247237334414564e-13
5.830569477809913456e+06 3.831789849069317694e-13
5.870123369720126502e+06 3.662187083576418008e-13
5.909945590542491525e+06 3.500091279372102520e-13
5.950037960588535294e+06 3.345170163172803654e-13
5.990402312518553808e+06 3.197106168782266007e-13
6.031040491425396875e+06 3.055595786126108758e-13
6.071954354918799363e+06 2.920348939099463740e-13
6.113145773210313171e+06 2.791088390952274489e-13
6.154616629198761657e+06 2.667549175993625979e-13
6.196368818556350656e+06 2.549478056449662887e-13
6.238404249815289862e+06 2.436633003362457690e-13
6.280724844455052167e+06 2.328782700465019334e-13
6.323332536990199238e+06 2.225706070016004438e-13
6.366229275058808737e+06 2.127191819621833054e-13
6.409417019511491992e+06 2.033038009117510702e-13
6.452897744501055218e+06 1.943051636617936147e-13
6.496673437572718598e+06 1.857048242891664147e-13
6.540746099754970521e+06 1.774851533245740724e-13
6.585117745651040226e+06 1.696293016146782702e-13
6.629790403530986980e+06 1.621211657837268529e-13
6.674766115424420685e+06 1.549453552239353417e-13
6.720046937213818543e+06 1.480871605469396157e-13
6.765634938728538342e+06 1.415325234316377375e-13
6.811532203839407302e+06 1.352680078066433444e-13
6.857740830553988926e+06 1.292807723082526547e-13
6.904262931112481281e+06 1.235585439574836185e-13
6.951100632084271871e+06 1.180895930022135775e-13
6.998256074465126731e+06 1.128627088728632854e-13
7.045731413775089197e+06 1.078671772023300701e-13
7.093528820156994276e+06 1.030927578630577618e-13
7.141650478475662880e+06 9.852966397623934053e-14
7.190098588417781517e+06 9.416854185011030804e-14
7.238875364592461847e+06 9.000045180621290027e-14
7.287983036632431671e+06 8.601684985433429199e-14
7.337423849296011031e+06 8.220957017853854603e-14
7.387200062569682486e+06 7.857080839841467312e-14
7.437313951771411113e+06 7.509310557120519602e-14
7.487767807654652745e+06 7.176933290203924654e-14
7.538563936513053253e+06 6.859267713091955019e-14
7.589704660285901278e+06 6.555662656650999759e-14
7.641192316664210521e+06 6.265495773809977646e-14
7.693029259197646752e+06 5.988172263837184022e-14
7.745217857402064838e+06 5.723123653083823976e-14
7.797760496867833659e+06 5.469806629694248957e-14
7.850659579368886538e+06 5.227701929893797484e-14
7.903917522972515784e+06 4.996313273572274262e-14
7.957536762149864808e+06 4.775166346980682092e-14
8.011519747887272388e+06 4.563807830455277243e-14
8.065868947798265144e+06 4.361804469177200702e-14
8.120586846236366779e+06 4.168742185061787267e-14
8.175675944408665411e+06 3.984225227957496380e-14
8.231138760490147397e+06 3.807875364414697618e-14
8.286977829738771543e+06 3.639331102360799451e-14
8.343195704611415043e+06 3.478246950093289255e-14
8.399794954880507663e+06 3.324292708070798897e-14
8.456778167751515284e+06 3.177152792051260434e-14
8.514147947981195524e+06 3.036525586189189657e-14
8.571906917996669188e+06 2.902122824766166201e-14
8.630057718015300110e+06 2.773669001287333264e-14
8.688603006165340543e+06 2.650900803732214300e-14
8.747545458607507870e+06 2.533566574802762857e-14
8.806887769657259807e+06 2.421425796061672388e-14
8.866632651907972991e+06 2.314248594903951947e-14
8.926782836354929954e+06 2.211815273350833995e-14
8.987341072520181537e+06 2.113915857700247567e-14
9.048310128578176722e+06 2.020349668110735564e-14
9.109692791482359171e+06 1.930924907236287163e-14
9.171491867092521861e+06 1.845458267069176447e-14
9.233710180303081870e+06 1.763774553184759262e-14
9.296350575172208250e+06 1.685706325617753862e-14
9.359415915051825345e+06 1.611093555634270423e-14
9.422909082718474790e+06 1.539783297695760156e-14
9.486832980505136773e+06 1.471629375942364330e-14
